((("w" .
   [13])
  ("pos" .
   [2 0 0])
  ("i" .
   [15])
  ("guessed" .
   [2 0 0 0 0 0 0])
  ("l" .
   [13])
  ("correct" .
   [1 0 0 1 1 0 0])
  ("update" .
   [1 0 0 0 0 0])
  ("wrong" .
   [4 0 0 0 0])
  ("wrong_guess" .
   [0 0 1 0 0 0 0 0 0 0 1])
  ("word_probm" .
   [1 0 0 0 0 0 0 0 0 0])
  ("letter_prob" .
   [8 0 0 0 0 0 1 0 0 0 0])
  ("letter_cnt" .
   [1 0 0 0 0 0 0 0 0 0])
  ("count" .
   [1 0 0 0 0])
  ("a" .
   [3])
  ("letter" .
   [7 0 0 0 0 0])
  ("ascii_uppercase" .
   [1 0 0 0 0 0 0 0 0 0 0 0 0 0 0])
  ("lett" .
   [1 0 0 0])
  ("plt" .
   [11 1 0])
  ("agent" .
   [1 0 0 0 0])
  ("cnt" .
   [1 0 0])
  ("n" .
   [5])
  ("line" .
   [9 0 0 0])
  ("word" .
   [22 0 0 0])
  ("item" .
   [19 0 1 0])
  ("word_prob" .
   [5 0 0 0 1 1 0 0 3])
  ("Counter" .
   [2 0 0 0 0 0 0])
  ("append" .
   [4 0 0 0 0 1])
  ("app" .
   [1 0 0])
  ("tmp" .
   [5 0 0])
  ("words" .
   [1 0 0 0 0])
  ("wprd" .
   [1 0 0 0])
  ("wordw" .
   [1 0 0 0 0])
  ("wors" .
   [1 0 0 0])
  ("range" .
   [0 1 0 0 0])
  ("LETTER_LENGTH" .
   [0 1 1 0 0 0 0 0 0 0 0 0 0])
  ("unguessed" .
   [0 0 0 0 1 0 0 0 0])
  ("correct_guess" .
   [1 0 0 0 0 1 0 0 1 0 0 0 0])
  ("p_w_e" .
   [7 0 0 0 0])
  ("p_l" .
   [1 0 0])
  ("p_w_l" .
   [3 0 0 0 0])
  ("p_e" .
   [6 0 0])
  ("p_e_w" .
   [4 0 0 0 0])
  ("best" .
   [3 0 0 0])
  ("e" .
   [1])
  ("p_l_w" .
   [1 0 0 0 0])
  ("guess" .
   [1 0 0 0 0])
  ("best_guess" .
   [1 0 0 0 0 0 0 0 0 0])
  ("key" .
   [1 0 0])
  ("correct_guess_list" .
   [1 0 0 0 1 1 0 0 0 0 0 0 0 1 0 0 0 0])
  ("py" .
   [3 0])
  ("numpy" .
   [1 0 0 0 0])
  ("np" .
   [1 0])
  ("f" .
   [2])
  ("read" .
   [1 0 0 0])
  ("readlines" .
   [1 0 0 0 0 0 0 0 0])
  ("naive" .
   [6 0 0 0 0])
  ("rstrip" .
   [1 0 0 0 0 0])
  ("split" .
   [4 0 0 0 0])
  ("content" .
   [3 0 0 1 0 0 0])
  ("sizes" .
   [10 0 0 0 0])
  ("comb" .
   [7 0 0 0])
  ("blocked" .
   [4 0 0 0 0 0 0])
  ("size" .
   [1 0 0 0])
  ("plot" .
   [3 0 0 0])
  ("bar" .
   [2 0 0])
  ("width" .
   [5 0 0 0 0])
  ("label" .
   [3 0 0 0 0])
  ("show" .
   [1 0 0 0])
  ("xlabel" .
   [1 0 0 0 0 0])
  ("ylabel" .
   [1 0 0 0 0 0])
  ("legend" .
   [1 0 0 0 0 0])
  ("title" .
   [1 0 0 0 0])))
